0 13305
1 4742
2 5121
3 17111
4 15473
5 7555
6 12314
7 14495
8 31011
9 6287
10 2511
11 12342
12 21623
13 20355
14 23653
15 23395
16 20077
17 17005
18 26497
19 31680
20 24708
21 2531
22 4658
23 2482
24 22746
25 21911
26 16177
27 18334
28 28820
29 14636
30 13928
31 5466
32 8576
33 15176
34 18354
35 6114
36 32505
37 23275
38 2786
39 2381
40 5644
41 32511
42 24838
43 17663
44 6361
45 1072
46 6893
47 25631
48 22843
49 23805
50 26854
51 32332
52 22187
53 30735
54 30667
55 25227
56 25441
57 24778
58 24382
59 23684
60 9405
61 20003
62 17715
63 23023
64 29414
65 5041
66 23215
67 1097
68 23473
69 10502
70 5582
71 8907
72 19652
73 15167
74 19723
75 22684
76 10491
77 31962
78 6076
79 4934
80 19722
81 10184
82 6108
83 15719
84 18276
85 26051
86 4365
87 2473
88 18268
89 4834
90 28893
91 27123
92 1930
93 3691
94 11337
95 1761
96 14193
97 3560
98 5760
99 19314
100 10334
101 9853
102 5353
103 22785
104 16787
105 120
106 21606
107 30583
108 32677
109 26922
110 25563
111 21950
112 803
113 14070
114 22506
115 11897
116 29304
117 13223
118 23553
119 9458
120 13075
121 262
122 21655
123 28243
124 15813
125 11181
126 30386
127 6938
128 4714
129 24598
130 30893
131 5319
132 3787
133 30199
134 16440
135 9175
136 11459
137 17874
138 12704
139 4598
140 27553
141 31943
142 1105
143 15473
144 26830
145 25262
146 16537
147 10986
148 27568
149 18018
150 19118
151 32335
152 26829
153 1119
154 7923
155 19469
156 16436
157 23440
158 9079
159 14720
160 15129
161 1122
162 12990
163 27566
164 3263
165 15901
166 17349
167 7990
168 23195
169 18036
170 21312
171 31875
172 4022
173 28507
174 29222
175 31813
176 32595
177 18200
178 7535
179 28706
180 6866
181 1693
182 17181
183 936
184 16084
185 14869
186 6265
187 18823
188 23456
189 22461
190 9631
191 10493
192 31941
193 14581
194 10812
195 16273
196 29697
197 10647
198 16279
199 2820
